8207;6092
8208;6093
8209;6094
8210;6095
8211;6096
8212;6097
8213;6098
8214;6099
8215;6100
8216;6101
8217;6102
8218;6103
8219;6104
8220;6105
8221;6106
8222;6107
8223;6108
8224;6109
8225;6110
8226;6111
8227;6112
8228;6113
8229;6114
8230;6115
8231;6116
8232;6117
8233;6118
8234;6119
8235;6120
8236;6121
8237;6122
8238;6123
8239;6124
8240;6125
8241;6126
8242;6127
8243;6128
8244;6129
8245;6130
8246;6131
8247;6132
8248;6133
8249;6134
8250;6135
8251;6136
8252;6137
8253;6138
8254;6139
8255;6140
8256;6141
8257;6142
8258;6143
8259;6144
8260;6145
8261;6146
8262;6147
8263;6148
8264;6149
8265;6150
8266;6151
8267;6152
8268;6153
8269;6154
8270;6155
8271;6156
8272;6157
8273;6158
8274;6159
8275;6160
8276;6161
8277;6162
8278;6163
8279;6164
8280;6165
8281;6166
8282;6167
8283;6168
8284;6169
8285;6170
8286;6171
8287;6172
8288;6173
8289;6174
8290;6175
8291;6176
8292;6177
8293;6178
8294;6179
8295;6180
8296;6181
8297;6182
8298;6183
8299;6184
8300;6185
8301;6186
8302;6187
8303;6188
8304;6189
8305;6190
8306;6191
8307;6192
8308;6193
8309;6194
8310;6195
8311;6196
8312;6197
8313;6198
8314;6199
8315;6200
8316;6201
8317;6202
8318;6203
8319;6204
8320;6205
8321;6206
8322;6207
8323;6208
8324;6209
8325;6210
8326;6211
8327;6212
8328;6213
8329;6214
8330;6215
8331;6216
8332;6217
8333;6218
8334;6219
8335;6220
8336;6221
8337;6222
8338;6223
8339;6224
8340;6225
8341;6226
8342;6227
8343;6228
8344;6229
8345;6230
8346;6231
8347;6232
8348;6233
8349;6234
8350;6235
8351;6236
8352;6237
8353;6238
8354;6239
8355;6240
8356;6241
8357;6242
8358;6243
8359;6244
8360;6245
8361;6246
8362;6247
8363;6248
8364;6249
8365;6250
8366;6251
8367;6252
8368;6253
8369;6254
8370;6255
8371;6256
8372;6257
8373;6258
8374;6259
8375;6260
8376;6261
8377;6262
8378;6263
8379;6264
8380;6265
8381;6266
8382;6267
8383;6268
8384;6269
8385;6270
8386;6271
8387;6272
8388;6273
8389;6274
8390;6275
8391;6276
8392;6277
8393;6278
8394;6279
8395;6280
8396;6281
8397;6282
8398;6283
8399;6284
8400;6285
8401;6286
8402;6287
8403;6288
8404;6289
8405;6290
8406;6291
8407;6292
8408;6293
8409;6294
8410;6295
8411;6296
8412;6297
8413;6298
8414;6299
8415;6300
8416;6301
8417;6302
8418;6303
8419;6304
8420;6305
8421;6306
8422;6307
8423;6308
8424;6309
8425;6310
8426;6311
8427;6312
8428;6313
8429;6314
8430;6315
8431;6316
8432;6317
8433;6318
8434;6319
8435;6320
8436;6321
8437;6322
8438;6323
8439;6324
8440;6325
8441;6326
8442;6327
8443;6328
8444;6329
8445;6330
8446;6331
8447;6332
8448;6333
8449;6334
8450;6335
8451;6336
8452;6337
8453;6338
8454;6339
8455;6340
8456;6341
8457;6342
8458;6343
8459;6344
8460;6345
8461;6346
8462;6347
8463;6348
8464;6349
8465;6350
8466;6351
8467;6352
8468;6353
8469;6354
8470;6355
8471;6356
8472;6357
8473;6358
8474;6359
8475;6360
8476;6361
8477;6362
8478;6363
8479;6364
8480;6365
8481;6366
8482;6367
8483;6368
8484;6369
8485;6370
8486;6371
8487;6372
8488;6373
8489;6374
8490;6375
8491;6376
8492;6377
8493;6378
8494;6379
8495;6380
8496;6381
8497;6382
8498;6383
8499;6384
8500;6385
8501;6386
8502;6387
8503;6388
8504;6389
8505;6390
8506;6391
8507;6392
8508;6393
8509;6394
8510;6395
8511;6396
8512;6397
8513;6398
8514;6399
8515;6400
8516;6401
8517;6402
8518;6403
8519;6404
8520;6405
8521;6406
8522;6407
8523;6408
8524;6409
8525;6410
8526;6411
8527;6412
8528;6413
8529;6414
8530;6415
8531;6416
8532;6417
8533;6418
8534;6419
8535;6420
8536;6421
8537;6422
8538;6423
8539;6424
8540;6425
8541;6426
8542;6427
8543;6428
8544;6429
8545;6430
8546;6431
8547;6432
8548;6433
8549;6434
8550;6435
8551;6436
8552;6437
8553;6438
8554;6439
8555;6440
8556;6441
8557;6442
8558;6443
8559;6444
8560;6445
8561;6446
8562;6447
8563;6448
8564;6449
8565;6450
8566;6451
8567;6452
8568;6453
8569;6454
8570;6455
8571;6456
8572;6457
8573;6458
8574;6459
8575;6460
8576;6461
8577;6462
8578;6463
8579;6464
8580;6465
8581;6466
8582;6467
8583;6468
8584;6469
8585;6470
8586;6471
8587;6472
8588;6473
8589;6474
8590;6475
8591;6476
8592;6477
8593;6478
8594;6479
8595;6480
8596;6481
8597;6482
8598;6483
8599;6484
8600;6485
8601;6486
8602;6487
8603;6488
8604;6489
8605;6490
8606;6491
8607;6492
8608;6493
8609;6494
8610;6495
8611;6496
8612;6497
8613;6498
8614;6499
8615;6500
8616;6501
8617;6502
8618;6503
8619;6504
8620;6505
8621;6506
8622;6507
8623;6508
8624;6509
8625;6510
8626;6511
8627;6512
8628;6513
8629;6514
8630;6515
8631;6516
8632;6517
8633;6518
8634;6519
8635;6520
8636;6521
8637;6522
8638;6523
8639;6524
8640;6525
8641;6526
8642;6527
8643;6528
8644;6529
8645;6530
8646;6531
8647;6532
8648;6533
8649;6534
8650;6535
8651;6536
8652;6537
8653;6538
8654;6539
8655;6540
8656;6541
8657;6542
8658;6543
8659;6544
8660;6545
8661;6546
8662;6547
8663;6548
8664;6549
8665;6550
8666;6551
8667;6552
8668;6553
8669;6554
8670;6555
8671;6556
8672;6557
8673;6558
8674;6559
8675;6560
8676;6561
8677;6562
8678;6563
8679;6564
8680;6565
8681;6566
8682;6567
8683;6568
8684;6569
8685;6570
8686;6571
8687;6572
8688;6573
8689;6574
8690;6575
8691;6576
8692;6577
8693;6578
8694;6579
8695;6580
8696;6581
8697;6582
8698;6583
8699;6584
8700;6585
8701;6586
8702;6587
8703;6588
8704;6589
8705;6590
8706;6591
8707;6592
8708;6593
8709;6594
8710;6595
8711;6596
8712;6597
8713;6598
8714;6599
8715;6600
8716;6601
8717;6602
8718;6603
8719;6604
8720;6605
8721;6606
8722;6607
8723;6608
8724;6609
8725;6610
8726;6611
8727;6612
8728;6613
8729;6614
8730;6615
8731;6616
8732;6617
8733;6618
8734;6619
8735;6620
8736;6621
8737;6622
8738;6623
8739;6624
8740;6625
8741;6626
8742;6627
8743;6628
8744;6629
8745;6630
8746;6631
8747;6632
8748;6633
8749;6634
8750;6635
8751;6636
8752;6637
8753;6638
8754;6639
8755;6640
8756;6641
8757;6642
8758;6643
8759;6644
8760;6645
8761;6646
8762;6647
8763;6648
8764;6649
8765;6650
8766;6651
8767;6652
8768;6653
8769;6654
8770;6655
8771;6656
8772;6657
8773;6658
8774;6659
8775;6660
8776;6661
8777;6662
8778;6663
8779;6664
8780;6665
8781;6666
8782;6667
8783;6668
8784;6669
8785;6670
8786;6671
8787;6672
8788;6673
8789;6674
8790;6675
8791;6676
8792;6677
8793;6678
8794;6679
8795;6680
8796;6681
8797;6682
8798;6683
8799;6684
8800;6685
8801;6686
8802;6687
8803;6688
8804;6689
8805;6690
8806;6691
8807;6692
8808;6693
8809;6694
8810;6695
8811;6696
8812;6697
8813;6698
8814;6699
8815;6700
8816;6701
8817;6702
8818;6703
8819;6704
8820;6705
8821;6706
8822;6707
8823;6708
8824;6709
8825;6710
8826;6711
8827;6712
8828;6713
8829;6714
8830;6715
8831;6716
8832;6717
8833;6718
8834;6719
8835;6720
8836;6721
8837;6722
8838;6723
8839;6724
8840;6725
8841;6726
8842;6727
8843;6728
8844;6729
8845;6730
8846;6731
8847;6732
8848;6733
8849;6734
8850;6735
8851;6736
8852;6737
8853;6738
8854;6739
8855;6740
8856;6741
8857;6742
8858;6743
8859;6744
8860;6745
8861;6746
8862;6747
8863;6748
8864;6749
8865;6750
8866;6751
8867;6752
8868;6753
8869;6754
8870;6755
8871;6756
8872;6757
8873;6758
8874;6759
8875;6760
8876;6761
8877;6762
8878;6763
8879;6764
8880;6765
8881;6766
8882;6767
8883;6768
8884;6769
8885;6770
8886;6771
8887;6772
8888;6773
8889;6774
8890;6775
8891;6776
8892;6777
8893;6778
8894;6779
8895;6780
8896;6781
8897;6782
8898;6783
8899;6784
8900;6785
8901;6786
8902;6787
8903;6788
8904;6789
8905;6790
8906;6791
8907;6792
8908;6793
8909;6794
8910;6795
8911;6796
8912;6797
8913;6798
8914;6799
8915;6800
8916;6801
8917;6802
8918;6803
8919;6804
8920;6805
8921;6806
8922;6807
8923;6808
8924;6809
8925;6810
8926;6811
8927;6812
8928;6813
8929;6814
8930;6815
8931;6816
8932;6817
8933;6818
8934;6819
8935;6820
8936;6821
8937;6822
8938;6823
8939;6824
8940;6825
8941;6826
8942;6827
8943;6828
8944;6829
8945;6830
8946;6831
8947;6832
8948;6833
8949;6834
8950;6835
8951;6836
8952;6837
8953;6838
8954;6839
8955;6840
8956;6841
8957;6842
8958;6843
8959;6844
8960;6845
8961;6846
8962;6847
8963;6848
8964;6849
8965;6850
8966;6851
8967;6852
8968;6853
8969;6854
8970;6855
8971;6856
8972;6857
8973;6858
8974;6859
8975;6860
8976;6861
8977;6862
8978;6863
8979;6864
8980;6865
8981;6866
8982;6867
8983;6868
8984;6869
8985;6870
8986;6871
8987;6872
8988;6873
8989;6874
8990;6875
8991;6876
8992;6877
8993;6878
8994;6879
8995;6880
8996;6881
8997;6882
8998;6883
8999;6884
9000;6885
9001;6886
9002;6887
9003;6888
9004;6889
9005;6890
9006;6891
9007;6892
9008;6893
9009;6894
9010;6895
9011;6896
9012;6897
9013;6898
9014;6899
9015;6900
9016;6901
9017;6902
9018;6903
9019;6904
9020;6905
9021;6906
9022;6907
9023;6908
9024;6909
9025;6910
9026;6911
9027;6912
9028;6913
9029;6914
9030;6915
9031;6916
9032;6917
9033;6918
9034;6919
9035;6920
9036;6921
9037;6922
9038;6923
9039;6924
9040;6925
9041;6926
9042;6927
9043;6928
9044;6929
9045;6930
9046;6931
9047;6932
9048;6933
9049;6934
9050;6935
9051;6936
9052;6937
9053;6938
9054;6939
9055;6940
9056;6941
9057;6942
9058;6943
9059;6944
9060;6945
9061;6946
9062;6947
9063;6948
9064;6949
9065;6950
9066;6951
9067;6952
9068;6953
9069;6954
9070;6955
9071;6956
9072;6957
9073;6958
9074;6959
9075;6960
9076;6961
9077;6962
9078;6963
9079;6964
9080;6965
9081;6966
9082;6967
9083;6968
9084;6969
9085;6970
9086;6971
9087;6972
9088;6973
9089;6974
9090;6975
9091;6976
9092;6977
9093;6978
9094;6979
9095;6980
9096;6981
9097;6982
9098;6983
9099;6984
9100;6985
9101;6986
9102;6987
9103;6988
9104;6989
9105;6990
9106;6991
9107;6992
9108;6993
9109;6994
9110;6995
9111;6996
9112;6997
9113;6998
9114;6999
9115;7000
9116;7001
9117;7002
9118;7003
9119;7004
9120;7005
9121;7006
9122;7007
9123;7008
9124;7009
9125;7010
9126;7011
9127;7012
9128;7013
9129;7014
9130;7015
9131;7016
9132;7017
9133;7018
9134;7019
9135;7020
9136;7021
9137;7022
9138;7023
9139;7024
9140;7025
9141;7026
9142;7027
9143;7028
9144;7029
9145;7030
9146;7031
9147;7032
9148;7033
9149;7034
9150;7035
9151;7036
9152;7037
9153;7038
9154;7039
9155;7040
9156;7041
9157;7042
9158;7043
9159;7044
9160;7045
9161;7046
9162;7047
9163;7048
9164;7049
9165;7050
9166;7051
9167;7052
9168;7053
9169;7054
9170;7055
9171;7056
9172;7057
9173;7058
9174;7059
9175;7060
9176;7061
9177;7062
9178;7063
9179;7064
9180;7065
9181;7066
9182;7067
9183;7068
9184;7069
9185;7070
9186;7071
9187;7072
9188;7073
9189;7074
9190;7075
9191;7076
9192;7077
9193;7078
9194;7079
9195;7080
9196;7081
9197;7082
9198;7083
9199;7084
9200;7085
9201;7086
9202;7087
9203;7088
9204;7089
9205;7090
9206;7091
9207;7092
9208;7093
9209;7094
9210;7095
9211;7096
9212;7097
9213;7098
9214;7099
9215;7100
9216;7101
9217;7102
9218;7103
9219;7104
9220;7105
9221;7106
9222;7107
9223;7108
9224;7109
9225;7110
9226;7111
9227;7112
9228;7113
9229;7114
9230;7115
9231;7116
9232;7117
9233;7118
9234;7119
9235;7120
9236;7121
9237;7122
9238;7123
9239;7124
9240;7125
9241;7126
9242;7127
9243;7128
9244;7129
9245;7130
9246;7131
9247;7132
9248;7133
9249;7134
9250;7135
9251;7136
9252;7137
9253;7138
9254;7139
9255;7140
9256;7141
9257;7142
9258;7143
9259;7144
9260;7145
9261;7146
9262;7147
9263;7148
9264;7149
9265;7150
9266;7151
9267;7152
9268;7153
9269;7154
9270;7155
9271;7156
9272;7157
9273;7158
9274;7159
9275;7160
9276;7161
9277;7162
9278;7163
9279;7164
9280;7165
9281;7166
9282;7167
9283;7168
9284;7169
9285;7170
9286;7171
9287;7172
9288;7173
9289;7174
9290;7175
9291;7176
9292;7177
9293;7178
9294;7179
9295;7180
9296;7181
9297;7182
9298;7183
9299;7184
9300;7185
9301;7186
9302;7187
9303;7188
9304;7189
9305;7190
9306;7191
9307;7192
9308;7193
9309;7194
9310;7195
9311;7196
9312;7197
9313;7198
9314;7199
9315;7200
9316;7201
9317;7202
9318;7203
9319;7204
9320;7205
9321;7206
9322;7207
9323;7208
9324;7209
9325;7210
9326;7211
9327;7212
9328;7213
9329;7214
9330;7215
9331;7216
9332;7217
9333;7218
9334;7219
9335;7220
9336;7221
9337;7222
9338;7223
9339;7224
9340;7225
9341;7226
9342;7227
9343;7228
9344;7229
9345;7230
9346;7231
9347;7232
9348;7233
9349;7234
9350;7235
9351;7236
9352;7237
9353;7238
9354;7239
9355;7240
9356;7241
9357;7242
9358;7243
9359;7244
9360;7245
9361;7246
9362;7247
9363;7248
9364;7249
9365;7250
9366;7251
9367;7252
9368;7253
9369;7254
9370;7255
9371;7256
9372;7257
9373;7258
9374;7259
9375;7260
9376;7261
9377;7262
9378;7263
9379;7264
9380;7265
9381;7266
9382;7267
9383;7268
9384;7269
9385;7270
9386;7271
9387;7272
9388;7273
9389;7274
9390;7275
9391;7276
9392;7277
9393;7278
9394;7279
9395;7280
9396;7281
9397;7282
9398;7283
9399;7284
9400;7285
9401;7286
9402;7287
9403;7288
9404;7289
9405;7290
9406;7291
9407;7292
9408;7293
9409;7294
9410;7295
9411;7296
9412;7297
9413;7298
9414;7299
9415;7300
9416;7301
9417;7302
9418;7303
9419;7304
9420;7305
9421;7306
9422;7307
9423;7308
9424;7309
9425;7310
9426;7311
9427;7312
9428;7313
9429;7314
9430;7315
9431;7316
9432;7317
9433;7318
9434;7319
9435;7320
9436;7321
9437;7322
9438;7323
9439;7324
9440;7325
9441;7326
9442;7327
9443;7328
9444;7329
9445;7330
9446;7331
9447;7332
9448;7333
9449;7334
9450;7335
9451;7336
9452;7337
9453;7338
9454;7339
9455;7340
9456;7341
9457;7342
9458;7343
9459;7344
9460;7345
9461;7346
9462;7347
9463;7348
9464;7349
9465;7350
9466;7351
9467;7352
9468;7353
9469;7354
9470;7355
9471;7356
9472;7357
9473;7358
9474;7359
9475;7360
9476;7361
9477;7362
9478;7363
9479;7364
9480;7365
9481;7366
9482;7367
9483;7368
9484;7369
9485;7370
9486;7371
9487;7372
9488;7373
9489;7374
9490;7375
9491;7376
9492;7377
9493;7378
9494;7379
9495;7380
9496;7381
9497;7382
9498;7383
9499;7384
9500;7385
9501;7386
9502;7387
9503;7388
9504;7389
9505;7390
9506;7391
9507;7392
9508;7393
9509;7394
9510;7395
9511;7396
9512;7397
9513;7398
9514;7399
9515;7400
9516;7401
9517;7402
9518;7403
9519;7404
9520;7405
9521;7406
9522;7407
9523;7408
9524;7409
9525;7410
9526;7411
9527;7412
9528;7413
9529;7414
9530;7415
9531;7416
9532;7417
9533;7418
9534;7419
9535;7420
9536;7421
9537;7422
9538;7423
9539;7424
9540;7425
9541;7426
9542;7427
9543;7428
9544;7429
9545;7430
9546;7431
9547;7432
9548;7433
9549;7434
9550;7435
9551;7436
9552;7437
9553;7438
9554;7439
9555;7440
9556;7441
9557;7442
9558;7443
9559;7444
9560;7445
9561;7446
9562;7447
9563;7448
9564;7449
9565;7450
9566;7451
9567;7452
9568;7453
9569;7454
9570;7455
9571;7456
9572;7457
9573;7458
9574;7459
9575;7460
9576;7461
9577;7462
9578;7463
9579;7464
9580;7465
9581;7466
9582;7467
9583;7468
9584;7469
9585;7470
9586;7471
9587;7472
9588;7473
9589;7474
9590;7475
9591;7476
9592;7477
9593;7478
9594;7479
9595;7480
9596;7481
9597;7482
9598;7483
9599;7484
9600;7485
9601;7486
9602;7487
9603;7488
9604;7489
9605;7490
9606;7491
9607;7492
9608;7493
9609;7494
9610;7495
9611;7496
9612;7497
9613;7498
9614;7499
9615;7500
9616;7501
9617;7502
9618;7503
9619;7504
9620;7505
9621;7506
9622;7507
9623;7508
9624;7509
9625;7510
9626;7511
9627;7512
9628;7513
9629;7514
9630;7515
9631;7516
9632;7517
9633;7518
9634;7519
9635;7520
9636;7521
9637;7522
9638;7523
9639;7524
9640;7525
9641;7526
9642;7527
9643;7528
9644;7529
9645;7530
9646;7531
9647;7532
9648;7533
9649;7534
9650;7535
9651;7536
9652;7537
9653;7538
9654;7539
9655;7540
9656;7541
9657;7542
9658;7543
9659;7544
9660;7545
9661;7546
9662;7547
9663;7548
9664;7549
9665;7550
9666;7551
9667;7552
9668;7553
9669;7554
9670;7555
9671;7556
9672;7557
9673;7558
9674;7559
9675;7560
9676;7561
9677;7562
9678;7563
9679;7564
9680;7565
9681;7566
9682;7567
9683;7568
9684;7569
9685;7570
9686;7571
9687;7572
9688;7573
9689;7574
9690;7575
9691;7576
9692;7577
9693;7578
9694;7579
9695;7580
9696;7581
9697;7582
9698;7583
9699;7584
9700;7585
9701;7586
9702;7587
9703;7588
9704;7589
9705;7590
9706;7591
9707;7592
9708;7593
9709;7594
9710;7595
9711;7596
9712;7597
9713;7598
9714;7599
9715;7600
9716;7601
9717;7602
9718;7603
9719;7604
9720;7605
9721;7606
9722;7607
9723;7608
9724;7609
9725;7610
9726;7611
9727;7612
9728;7613
9729;7614
9730;7615
9731;7616
9732;7617
9733;7618
9734;7619
9735;7620
9736;7621
9737;7622
9738;7623
9739;7624
9740;7625
9741;7626
9742;7627
9743;7628
9744;7629
9745;7630
9746;7631
9747;7632
9748;7633
9749;7634
9750;7635
9751;7636
9752;7637
9753;7638
9754;7639
9755;7640
9756;7641
9757;7642
9758;7643
9759;7644
9760;7645
9761;7646
9762;7647
9763;7648
9764;7649
9765;7650
9766;7651
9767;7652
9768;7653
9769;7654
9770;7655
9771;7656
9772;7657
9773;7658
9774;7659
9775;7660
9776;7661
9777;7662
9778;7663
9779;7664
9780;7665
9781;7666
9782;7667
9783;7668
9784;7669
9785;7670
9786;7671
9787;7672
9788;7673
9789;7674
9790;7675
9791;7676
9792;7677
9793;7678
9794;7679
9795;7680
9796;7681
9797;7682
9798;7683
9799;7684
9800;7685
9801;7686
9802;7687
9803;7688
9804;7689
9805;7690
9806;7691
9807;7692
9808;7693
9809;7694
9810;7695
9811;7696
9812;7697
9813;7698
9814;7699
9815;7700
9816;7701
9817;7702
9818;7703
9819;7704
9820;7705
9821;7706
9822;7707
9823;7708
9824;7709
9825;7710
9826;7711
9827;7712
9828;7713
9829;7714
9830;7715
9831;7716
9832;7717
9833;7718
9834;7719
9835;7720
9836;7721
9837;7722
9838;7723
9839;7724
9840;7725
9841;7726
9842;7727
9843;7728
9844;7729
9845;7730
9846;7731
9847;7732
9848;7733
9849;7734
9850;7735
9851;7736
9852;7737
9853;7738
9854;7739
9855;7740
9856;7741
9857;7742
9858;7743
9859;7744
9860;7745
9861;7746
9862;7747
9863;7748
9864;7749
9865;7750
9866;7751
9867;7752
9868;7753
9869;7754
9870;7755
9871;7756
9872;7757
9873;7758
9874;7759
9875;7760
9876;7761
9877;7762
9878;7763
9879;7764
9880;7765
9881;7766
9882;7767
9883;7768
9884;7769
9885;7770
9886;7771
9887;7772
9888;7773
9889;7774
9890;7775
9891;7776
9892;7777
9893;7778
9894;7779
9895;7780
9896;7781
9897;7782
9898;7783
9899;7784
9900;7785
9901;7786
9902;7787
9903;7788
9904;7789
9905;7790
9906;7791
9907;7792
9908;7793
9909;7794
9910;7795
9911;7796
9912;7797
9913;7798
9914;7799
9915;7800
9916;7801
9917;7802
9918;7803
9919;7804
9920;7805
9921;7806
9922;7807
9923;7808
9924;7809
9925;7810
9926;7811
9927;7812
9928;7813
9929;7814
9930;7815
9931;7816
9932;7817
9933;7818
9934;7819
9935;7820
9936;7821
9937;7822
9938;7823
9939;7824
9940;7825
9941;7826
9942;7827
9943;7828
9944;7829
9945;7830
9946;7831
9947;7832
9948;7833
9949;7834
9950;7835
9951;7836
9952;7837
9953;7838
9954;7839
9955;7840
9956;7841
9957;7842
9958;7843
9959;7844
9960;7845
9961;7846
9962;7847
9963;7848
9964;7849
9965;7850
9966;7851
9967;7852
9968;7853
9969;7854
9970;7855
9971;7856
9972;7857
9973;7858
9974;7859
9975;7860
9976;7861
9977;7862
9978;7863
9979;7864
9980;7865
9981;7866
9982;7867
9983;7868
9984;7869
9985;7870
9986;7871
9987;7872
9988;7873
9989;7874
9990;7875
9991;7876
9992;7877
9993;7878
9994;7879
9995;7880
9996;7881
9997;7882
9998;7883
9999;7884
10000;7885
10001;7886
10002;7887
10003;7888
10004;7889
10005;7890
10006;7891
10007;7892
10008;7893
10009;7894
10010;7895
10011;7896
10012;7897
10013;7898
10014;7899
10015;7900
10016;7901
10017;7902
10018;7903
10019;7904
10020;7905
10021;7906
10022;7907
10023;7908
10024;7909
10025;7910
10026;7911
10027;7912
10028;7913
10029;7914
10030;7915
10031;7916
10032;7917
10033;7918
10034;7919
10035;7920
10036;7921
10037;7922
10038;7923
10039;7924
10040;7925
10041;7926
10042;7927
10043;7928
10044;7929
10045;7930
10046;7931
10047;7932
10048;7933
10049;7934
10050;7935
10051;7936
10052;7937
10053;7938
10054;7939
10055;7940
10056;7941
10057;7942
10058;7943
10059;7944
10060;7945
10061;7946
10062;7947
10063;7948
10064;7949
10065;7950
10066;7951
10067;7952
10068;7953
10069;7954
10070;7955
10071;7956
10072;7957
10073;7958
10074;7959
10075;7960
10076;7961
10077;7962
10078;7963
10079;7964
10080;7965
10081;7966
10082;7967
10083;7968
10084;7969
10085;7970
10086;7971
10087;7972
10088;7973
10089;7974
10090;7975
10091;7976
10092;7977
10093;7978
10094;7979
10095;7980
10096;7981
10097;7982
10098;7983
10099;7984
10100;7985
10101;7986
10102;7987
10103;7988
10104;7989
10105;7990
10106;7991
10107;7992
10108;7993
10109;7994
10110;7995
10111;7996
10112;7997
10113;7998
10114;7999
10115;8000
10116;8001
10117;8002
10118;8003
10119;8004
10120;8005
10121;8006
10122;8007
10123;8008
10124;8009
10125;8010
10126;8011
10127;8012
10128;8013
10129;8014
10130;8015
10131;8016
10132;8017
10133;8018
10134;8019
10135;8020
10136;8021
10137;8022
10138;8023
10139;8024
10140;8025
10141;8026
10142;8027
10143;8028
10144;8029
10145;8030
10146;8031
10147;8032
10148;8033
10149;8034
10150;8035
10151;8036
10152;8037
10153;8038
10154;8039
10155;8040
10156;8041
10157;8042
10158;8043
10159;8044
10160;8045
10161;8046
10162;8047
10163;8048
10164;8049
10165;8050
10166;8051
10167;8052
10168;8053
10169;8054
10170;8055
10171;8056
10172;8057
10173;8058
10174;8059
10175;8060
10176;8061
10177;8062
10178;8063
10179;8064
10180;8065
10181;8066
10182;8067
10183;8068
10184;8069
10185;8070
10186;8071
10187;8072
10188;8073
10189;8074
10190;8075
10191;8076
10192;8077
10193;8078
10194;8079
10195;8080
10196;8081
10197;8082
10198;8083
10199;8084
10200;8085
10201;8086
10202;8087
10203;8088
10204;8089
10205;8090
10206;8091
10207;8092
10208;8093
10209;8094
10210;8095
10211;8096
10212;8097
10213;8098
10214;8099
10215;8100
10216;8101
10217;8102
10218;8103
10219;8104
10220;8105
10221;8106
10222;8107
10223;8108
10224;8109
10225;8110
10226;8111
10227;8112
10228;8113
10229;8114
10230;8115
10231;8116
10232;8117
10233;8118
10234;8119
10235;8120
10236;8121
10237;8122
10238;8123
10239;8124
10240;8125
10241;8126
10242;8127
10243;8128
10244;8129
10245;8130
10246;8131
10247;8132
10248;8133
10249;8134
10250;8135
10251;8136
10252;8137
10253;8138
10254;8139
10255;8140
10256;8141
10257;8142
10258;8143
10259;8144
10260;8145
10261;8146
10262;8147
10263;8148
10264;8149
10265;8150
10266;8151
10267;8152
10268;8153
10269;8154
10270;8155
10271;8156
10272;8157
10273;8158
10274;8159
10275;8160
10276;8161
10277;8162
10278;8163
10279;8164
10280;8165
10281;8166
10282;8167
10283;8168
10284;8169
10285;8170
10286;8171
10287;8172
10288;8173
10289;8174
10290;8175
10291;8176
10292;8177
10293;8178
10294;8179
10295;8180
10296;8181
10297;8182
10298;8183
10299;8184
10300;8185
10301;8186
10302;8187
10303;8188
10304;8189
10305;8190
10306;8191
10307;8192
10308;8193
10309;8194
10310;8195
10311;8196
10312;8197
10313;8198
10314;8199
10315;8200
10316;8201
10317;8202
10318;8203
10319;8204
10320;8205
10321;8206
